"Barnacles" "Algae" "Mussels" "Rock" "T" "Wave"
92.81 53.23 0 7.19 15.3222222222222 1.4
91.09 53.73 3.23 8.91 16.5766666666667 1.06666666666667
94.57 59.16 5.78 5.43 18.0612903225806 1.11612903225806
95.2 63.96 7.62 4.8 19.5774193548387 0.82258064516129
95.57 68.33 8.7 4.43 20.8724137931034 0.958620689655172
95.58 69.68 8.99 4.42 19.8387096774194 1.39032258064516
91.87 63.72 8.56 8 18.7866666666667 1.33
84.79 52 7.5 14.87 17.3677419354839 1.08387096774194
77.17 38.64 5.87 22.3 15.8366666666667 1.06333333333333
71.86 27.76 1.66 27.55 14.6870967741935 1.14838709677419
70.36 21.7 0 29.31 14.558064516129 1.08064516129032
69.76 16.86 0 30.58 14.5566666666667 1.12
69.46 12.68 0.83 31.64 15.0709677419355 0.932258064516129
69.14 8.99 4.62 32.46 16.5266666666667 1.45666666666667
68.49 5.6 17.32 33 19.2 1.49354838709677
67.18 2.34 18.62 33.24 20.7548387096774 1.67096774193548
42.22 0.62 17.46 13.14 21.125 1.45357142857143
35.91 10.84 16.32 13.17 21.1451612903226 0.97741935483871
34.7 15.45 16.13 13.23 19.64 1.00666666666667
34.78 15.27 18 13.32 18.1225806451613 0.929032258064516
35.01 14.96 20.57 13.49 16.4633333333333 1.25
35.41 14.61 22.41 13.8 14.8967741935484 1.11612903225806
36.01 14.3 24.51 14.3 14.058064516129 1.95483870967742
36.87 14.13 30.89 15.04 14.8866666666667 2.02142857142857
43.14 21.4 37.86 28.93 15.8806451612903 1.5258064516129
42.3 21.14 34.15 35.83 17.5133333333333 1.54666666666667
38.88 18.96 24.07 40.31 18.258064516129 1.16451612903226
35.19 16.62 14.46 43.11 19.041935483871 1.2
33.2 15.35 7.18 44.2 21.6428571428571 1.75357142857143
37.88 16.57 1.17 42.68 21.0451612903226 1.31612903225806
48.72 18.98 0 38.82 19.6533333333333 1.07333333333333
56.28 19.5 0 35.14 17.3548387096774 0.9
62.82 19.38 0 30.81 15.5433333333333 1.17333333333333
69.16 19.14 0 25.98 14.641935483871 1.13870967741935
74.83 18.76 0 21.25 14.2451612903226 1.70645161290323
79.37 18.25 0 17.23 14.2433333333333 1.08333333333333
82.3 17.61 0 14.5 15.5967741935484 1.10645161290323
83.15 16.74 0 13.68 17.1433333333333 1.14666666666667
81.43 11.93 0 15.14 18.4161290322581 0.845161290322581
78.25 6.05 0 17.07 18.9548387096774 0.909677419354839
74.96 4.88 1.85 17.41 19.8357142857143 0.989285714285714
70.46 4.97 4.9 16.98 19.9709677419355 1.60967741935484
65.22 5.14 6 16.22 18.7033333333333 0.933333333333333
60.11 5.41 6 15.23 16.7645161290323 0.925806451612903
56.01 5.78 6.31 14.13 15.2233333333333 0.823333333333333
53.8 6.24 13.39 13.04 14.1741935483871 1.37096774193548
57.36 8.26 21.67 11.85 13.841935483871 1.39354838709677
71.75 14.45 30.75 10.24 14.1266666666667 1.29
86.69 20.72 33.78 8.89 14.6225806451613 0.774193548387097
90.92 22.71 28.38 8.5 15.58 0.676666666666667
78.83 22.46 23.16 8.98 17.0032258064516 1.08666666666667
63.05 22.14 25.66 9.91 19.0612903225806 1.23548387096774
58.98 23.01 27.67 11.18 19.9241379310345 1.12758620689655
67.78 34.89 21.14 13.83 18.8225806451613 0.996774193548387
75.9 45.84 13.65 16.56 17.1966666666667 0.816666666666667
72.57 43.44 10.97 17.87 15.9612903225806 0.906451612903226
62.31 35.68 9.13 19.13 14.6866666666667 1.39666666666667
43.06 22.87 6.77 26.67 13.7322580645161 1.36774193548387
26.86 12.13 6.63 34.41 13.1677419354839 1.08709677419355
39.34 11.54 9.95 26.82 13.0433333333333 1.10333333333333
38.23 7.69 3.2 31.55 14.2838709677419 1.6
33.32 0 3.99 42.54 16.5266666666667 1.35
27.94 0 1 43.36 18.2870967741935 1.38064516129032
33.58 0 1.46 38.89 19.7 0.745161290322581
43.32 0 4.18 21.37 19.1428571428571 1.40357142857143
46.7 0 5.31 17.08 19.2032258064516 1.02413793103448
51.02 0 7.33 16.48 18.33 0.93
56.72 0 10.06 17.24 16.7322580645161 0.980645161290323
54.16 1.07 14.99 17.08 14.9766666666667 1.13
43.37 5.57 22.29 16.25 13.4612903225806 1.27741935483871
36.39 11.41 31.72 15.89 13.2774193548387 1.1258064516129
35.18 19.51 47.26 16.35 13.6666666666667 1.27931034482759
37.64 26.26 57.43 14.59 14.9322580645161 1.00645161290323
38.83 27.94 69 17.93 16.0466666666667 0.783333333333333
39.96 29 67.04 23.08 16.9161290322581 0.97741935483871
43.46 32.85 49.08 24.19 19.7935483870968 1.23225806451613
57.26 44.85 49.51 13.15 20.7607142857143 1.65714285714286
59.98 39.96 45 8.93 20.0677419354839 1.02903225806452
57.25 45.95 45 9.33 18.8866666666667 1.15666666666667
66.47 58.79 43.4 12.81 16.9516129032258 0.996
66.2 58.37 44.3 13.29 14.8166666666667 0.952941176470588
58.76 51.53 48.32 12.82 13.5935483870968 1.23548387096774
52.36 44.5 53.72 13.28 13.6064516129032 1.0258064516129
38.94 34.36 48.59 18.68 13.56 0.876666666666667
16.03 14.08 58.26 24.35 13.9870967741935 1.06774193548387
5.08 1.14 68.38 31.99 15.6633333333333 1.01
4.25 0 70.67 35.46 18.2 1.4
3.41 0 78.47 26.68 19.7258064516129 1.85483870967742
5.6 0 81 25.95 20.8678571428571 1.32142857142857
2.25 0 66.39 41.7 20.7741935483871 1.01612903225806
6.05 0 10.07 82.77 20.5066666666667 1.81333333333333
16.85 7.87 0 83.15 18.5032258064516 1.41935483870968
21.91 15.14 0 78.09 15.5433333333333 0.723333333333333
36.83 22.62 0 63.17 13.8806451612903 1.00967741935484
25.15 16.9 0 74.97 13.2161290322581 0.841379310344828
29.95 15.64 0 69.86 13.8266666666667 1.05333333333333
22.8 10.57 0 77.2 14.7064516129032 0.806451612903226
32.02 5.9 0 67.98 15.9533333333333 1.08
51.53 3.27 0 48.47 18.6612903225806 1.51724137931034
67.93 1.13 0 31.97 20.7064516129032 1.54838709677419
77.81 1.13 0 20.58 21.2862068965517 1.16896551724138
79.47 4.76 0 20.15 20.2290322580645 1.29677419354839
84.71 13.23 0 15.33 19.3666666666667 1.01333333333333
84.74 31.78 0 15.28 17.5258064516129 0.990322580645161
85.13 31.19 0 14.9 15.36 1.13333333333333
86.68 31.95 0 13.36 13.841935483871 1.17096774193548
83.1 35.65 0 16.28 13.7709677419355 0.912903225806452
81.76 31.6 0 15.69 14.51 1.43214285714286
79.05 32.34 0 20.96 15.4290322580645 1.04193548387097
79.16 31.84 1.49 19.25 15.8333333333333 0.92
78.65 36.16 6.09 15.18 17.3870967741935 1.25806451612903
52.28 38.7 34.88 13.01 19.0322580645161 1.35161290322581
47.95 36.91 37.5 14.72 19.6392857142857 1.3
44.4 39.96 37.53 18.25 20.2483870967742 1.4258064516129
49.85 39.79 32.12 18.51 18.7866666666667 0.67037037037037
50.81 48.32 23.62 25.56 17.2516129032258 1.35483870967742
53.31 48.89 23 23.76 15.5266666666667 1
50.4 35.98 23.91 25.46 14.0129032258065 0.916666666666667
45.44 27.67 23.94 30.86 13.458064516129 1.05172413793103
50.67 23.78 22 28.3 14.05 1.79666666666667
52.11 20.6 24.25 23.75 14.8838709677419 0.8
54.41 18.11 27 18.28 16.2933333333333 0.673333333333333
64.45 16.32 22.6 12.98 17.958064516129 1.22258064516129
70.95 15.24 19.7 8.92 19.8935483870968 1.07741935483871
68.88 14.87 23.98 7.17 20.6964285714286 1.325
74.9 15.46 18 7.1 20.341935483871 1.08709677419355
68.35 20.4 24 7.65 19.1933333333333 1.31
76.19 43.87 16.86 6.84 17.7 0.809677419354839
77.11 50.23 13.77 9.19 16.31 1.18333333333333
77.41 53.57 11.21 10.82 15.6354838709677 2.04193548387097
66.18 33.66 15.83 17.99 14.6967741935484 1.43870967741935
66.97 20.41 15.19 17.98 15.3333333333333 1.05
56.16 13.81 16.54 26.97 15.7645161290323 1.2
51.38 14.92 14.89 33.39 17.2733333333333 1.59
48.81 17.61 10.08 41.2 18.8290322580645 1.31612903225806
51.12 17.94 10.08 39.33 21.5548387096774 1.64516129032258
54.43 22.53 15.49 29.87 21.2821428571429 1.85714285714286
49.36 28.18 17.92 33.04 21.1096774193548 1.37096774193548
50.66 43.98 17.55 31.65 20.2233333333333 1.79642857142857
55.09 47.36 9.67 35.45 18.3516129032258 1.08709677419355
51.59 42.94 7.2 40.7 16.9633333333333 1.03333333333333
59.62 43.05 4.25 35.78 15.6612903225806 1.25185185185185
76.96 38.84 2.49 20.75 15.041935483871 1.17857142857143
79.35 32.77 2 18.92 15.3266666666667 1.22
73.61 28.46 1.16 25.35 16.541935483871 1.15483870967742
74.37 22.06 1 24.57 17.7366666666667 1.41
67.86 18.13 0.08 31.06 18.3838709677419 0.951724137931034
62.78 15.24 0 37.25 19.5032258064516 1.26206896551724
74.8 15.54 0 25.08 20.2827586206897 0.972413793103448
76.88 20.21 0 23.22 20.8903225806452 1.28148148148148
79.33 23.81 0 20.67 19.8433333333333 1.27666666666667
78.74 26.75 0 21.27 18.0290322580645 1.3
78.99 34.16 0 20.8 15.9266666666667 1.27
83.77 42.34 0 16.42 14.8612903225806 2.14193548387097
86.01 53.41 0 14.43 14.5258064516129 1.25483870967742
83.59 55 0 16.77 14.8666666666667 1.01666666666667
86.6 56.09 0 13.3 15.1709677419355 0.958064516129032
85.61 54.13 0 14.43 16.1733333333333 1.13
85.02 53.58 0 15.1 18.5612903225806 1.3
86.11 53.23 0 13.89 19.4516129032258 0.974193548387097
89.49 51.36 0 10.51 20.475 1.476
85.33 45.24 0 14.68 20.7806451612903 1.62857142857143
88.29 45.45 0 11.65 19.4933333333333 1.51153846153846
90.64 44.14 0 9.22 18.0774193548387 1.52903225806452
92.12 45.64 0 7.15 15.7566666666667 1.01
94 39.59 0 6.01 14.3193548387097 1.44333333333333
94.07 26.3 0 6.09 14.1225806451613 1.24838709677419
89.14 19.49 0 10.72 14.64 1.32857142857143
84.41 16.02 0 15.52 16.258064516129 1.23225806451613
88.92 11.1 0 11.11 16.94 1.2551724137931
84.07 5.07 0 15.91 19.0193548387097 1.57666666666667
87.54 1.95 0 12.74 19.5451612903226 1.20322580645161
92.96 1.86 0 7 20.65 1.17928571428571
90.96 1.22 0 9.01 20.458064516129 1.49333333333333
89.42 0.61 0 10.66 19.1533333333333 1.36333333333333
92.81 2.7 0 6.96 17.7967741935484 1.06129032258065
94.85 22.5 0 4.97 15.9266666666667 1.11
94.85 47.37 0.55 4.56 14.5967741935484 1.35483870967742
91.79 57.78 3.55 5.18 14.0258064516129 0.916129032258065
92.88 60.1 3 4.96 14.5233333333333 0.95
89.43 68.04 6.38 4.1 15.0161290322581 0.709677419354839
86.94 72.46 7.03 5.94 15.6 0.642857142857143
81.51 71.37 10.5 7.85 17.441935483871 0.942857142857143
78.47 68.95 16.35 5.21 19.5838709677419 1.33548387096774
53.6 74.62 41.57 4.91 20.2178571428571 1.66785714285714
34.62 74.97 60.6 4.87 20.241935483871 1.62903225806452
17.85 70.4 74.68 8.39 19.6966666666667 1.49655172413793
8.44 47.45 82.38 9.43 18.2451612903226 1.35161290322581
12.23 17.53 79.41 8.57 16.66 1.18666666666667
23.73 11.2 67.46 8.49 14.6935483870968 1.18148148148148
32.83 11.39 58.01 8.78 14.0258064516129 1.80666666666667
33.77 9.5 55.45 10.95 14.6833333333333 1.01333333333333
35.29 8.22 51.6 13.47 15.2387096774194 1.2741935483871
47.19 4.68 37.11 15.53 16.34 0.868333333333333
50.53 4.13 28.4 21.23 18.0387096774194 1.05
56.27 1.33 22.88 20.33 20.2193548387097 1.07096774193548
50.33 2.98 14.04 35.88 18.9103448275862 1.28793103448276
41.1 1.33 16.34 42.78 18.4967741935484 1.07741935483871
37.53 1.37 19.76 43.19 17.8166666666667 1.36190476190476
50.69 1.55 27.18 22.1 17.0645161290323 1.30967741935484
59.58 1.73 25.85 14.77 15.61 1.01
67.93 2.76 25.75 6.17 13.9677419354839 1.14137931034483
61.94 4.48 29.77 8.31 13.2612903225806 0.92258064516129
70.53 9.35 21.94 6.97 13.6733333333333 0.996666666666667
61.84 17.23 29.29 8.72 14.8064516129032 0.835483870967742
59.21 17.32 29.19 11.68 16.4966666666667 1.13666666666667
51.83 21.56 33.85 14.85 15.6387096774194 0.832258064516129
50.46 18.41 38.22 13.47 18.4225806451613 1.49310344827586
48.41 18.19 41.53 9.99 20.7714285714286 1.66666666666667
48.1 24.14 39.88 11.91 20.8290322580645 1.3
33.22 25.7 60.12 6.85 19.65 0.992857142857143
29.9 17.03 65.25 5.36 18.1193548387097 1.24516129032258
35.65 15.42 56.14 8.33 16.0166666666667 1.15666666666667
31.2 12.81 53.05 17.63 15.1838709677419 1.15806451612903
29.57 12.07 56.71 17.71 14.4806451612903 1.43548387096774
29.75 11.42 61.81 19.66 14.8966666666667 1.17
29.3 10.76 65 25.08 15.541935483871 1.09032258064516
26.2 10.09 45 32.39 17.3733333333333 1.00333333333333
26.24 9.38 37.55 40.02 18.1903225806452 1.11290322580645
28.82 8.62 26.39 46.35 19.441935483871 1.23225806451613
28.9 7.66 19.87 50.42 20.8642857142857 1.50107142857143
45.66 7.59 16.02 38.03 19.8 1.32903225806452
52.35 10.38 11.7 36.15 19.0366666666667 1.48
57.58 22.74 8.04 34.5 17.6645161290323 1.1741935483871
70.26 35.29 6.43 23.84 15.2166666666667 1.32
81.43 53.01 4.15 13.92 13.7290322580645 1.14730769230769
87.8 66.6 2.31 8.9 13.5935483870968 1.10967741935484
93.58 83.45 1.45 5.09 14.6066666666667 1.06666666666667
94.86 84.56 3 2.66 15.2096774193548 0.871428571428571
93.34 83.61 3 3.66 15.6033333333333 1.24
91.51 81.74 3 5.38 16.6193548387097 0.741935483870968
86.1 70.39 3.29 10.68 18.7677419354839 1.03225806451613
81.18 50.33 4.49 14.42 20.2607142857143 1.38214285714286
84.97 38.82 6.42 8.57 20.0290322580645 1.63870967741935
85.11 26.2 9.19 5.35 19.0533333333333 1.19642857142857
81.26 27.22 15.88 2.65 17.9612903225806 1.0258064516129
78.32 54.67 21.61 0.17 16.0833333333333 1.30666666666667
78.69 70.85 21.31 0 14.5741935483871 1.5741935483871
81.8 79.32 18.2 0 14.1645161290323 1.2
80.14 84.08 18.78 0.83 14.5933333333333 1.52333333333333
75.08 76.97 22.47 2.35 14.9258064516129 0.8875
71.17 55.89 25.91 2.88 16.4633333333333 1.264
73.73 44.62 21.49 4.93 18.2193548387097 1.53225806451613
72.95 25.2 21.26 5.91 20.7129032258065 1.71612903225806
68.82 19.25 23.08 8.12 21.0724137931034 1.62413793103448
65.71 11.97 27.78 5.98 20.958064516129 1.55161290322581
62.75 15.97 32.85 3.95 19.9533333333333 1.64
55.44 17.85 40.37 4.09 18.84 0.94
